subreddit,candidate,y,term,coef,stderr,tstat,pvalue
newyork,cuomo,oi_change,const,1255.032270768533,401.7130988503564,3.124200516140126,0.0017995270711833643
newyork,cuomo,oi_change,oi_change_lag1,0.15810258649978956,0.01802390570801578,8.771827208876072,2.8599370133990703e-18
newyork,cuomo,oi_change,oi_change_lag2,0.14000166975855294,0.018116921156752976,7.727674506458187,1.473091552031469e-14
newyork,cuomo,oi_change,oi_change_lag3,0.13028386325674765,0.018107747526266336,7.19492377877278,7.819949198408951e-13
newyork,cuomo,oi_change,oi_change_lag4,0.06434431891878392,0.01798204203830748,3.5782542817834604,0.000351247320735777
newyork,cuomo,oi_change,mean_compound_lag1,2428.8854417855523,1093.0488725420214,2.222119708276974,0.026347861715147376
newyork,cuomo,oi_change,mean_compound_lag2,-69.60135585436205,932.4576840309919,-0.07464291092918779,0.9405036960609938
newyork,cuomo,oi_change,mean_compound_lag3,1180.9822095168734,996.4388761241433,1.1852028637326453,0.236029011838396
newyork,cuomo,oi_change,mean_compound_lag4,2212.3151985728528,1476.4358143478778,1.498416102531354,0.13412802089188583
newyork,cuomo,oi_change,sentiment_change_lag1,2498.48679764104,771.0610478579913,3.2403229349762124,0.0012066946522067503
newyork,cuomo,oi_change,sentiment_change_lag2,-1250.5835653712334,791.0516334706989,-1.5809126894591714,0.11400104979883982
newyork,cuomo,oi_change,sentiment_change_lag3,-1031.3329890559833,992.1970618577184,-1.0394437039805273,0.2986803092367298
newyork,cuomo,oi_change,sentiment_change_lag4,-2113.704114789909,1652.191236954227,-1.2793338128862548,0.20087624356827086
newyork,cuomo,oi_change,n_comments_lag1,-59.86651028937665,149.7082562065434,-0.3998878338866125,0.6892669627446524
newyork,cuomo,oi_change,n_comments_lag2,214.26683760956357,176.88238589205335,1.2113520321934428,0.22585377902029835
newyork,cuomo,oi_change,n_comments_lag3,191.22593712183755,176.72129285548493,1.0820763815835928,0.27930360275133564
newyork,cuomo,oi_change,n_comments_lag4,6.5964671951934335,146.30675571575458,0.04508655231210977,0.9640412534997633
newyork,cuomo,oi_change,log_comments_change_lag1,1206.3772797200204,1010.8597884496407,1.1934170233146235,0.2327983362907376
newyork,cuomo,oi_change,log_comments_change_lag2,694.4651883139743,1130.3415972640494,0.6143852353968942,0.5390063323216265
newyork,cuomo,oi_change,log_comments_change_lag3,-227.77862428118806,1099.178881316258,-0.207226165051884,0.8358469822148632
newyork,cuomo,oi_change,log_comments_change_lag4,-1268.8178757796331,740.4130924339187,-1.7136621282704751,0.08669177901380544
